1000074
1000075
1000125
1000176
1000186
1000187
1000206
1000248
1000249
1000259
1000286
1000454
1000460
1000464
1000768
1000785
1000791
1000794
1000807
1000810
1000817
1000818
1001353
1001396
1001490
1001641
1001688
1002571
1002588
1002773
1002798
1002904
1002923
1002933
1002934
1003012
1003014
1003070
1003085
1003086
1003210
1003258
1003265
1003268
1003271
1003329
1003384
1003490
1003535
1003574
1003615
1003848
1003887
1003895
1003914
1004135
1004157
1004368
1004441
1004626
1004667
1004670
1004675
1004845
1004961
1004986
1004997
1005001
1005064
1005093
1005110
1005116
1005128
1005202
1005207
1005286
1005336
1005337
1005340
1005341
1005350
1005356
1006240
1006323
1006337
1006364
1006375
1006385
1006389
1006450
1006464
1006515
1006543
1006589
1006610
1006617
1006708
1006720
1006821
1006900
1006970
1006975
1006990
1007001
1007009
1007012
1007013
1007051
1007052
1007076
1007077
1007212
1007230
1007251
1007339
1007343
1007348
1007421
1007426
1007467
1007523
1007532
1007557
1007606
1007610
1007625
1007642
1007879
1008190
1008256
1008270
1008279
1008376
1008423
1008497
1008503
1008599
1008600
1008640
1008646
1008722
1008738
1008806
1008835
1008838
1008882
1008886
1008896
1008898
1009012
1009079
1009155
1009215
1009222
1009324
1009343
1009354
1009414
1009420
1009439
1009446
1009505
1009629
1009763
1009804
1009813
1009819
1009821
1009948
1009959
1009964
1010017
1010085
1010170
1010358
1010482
1010488
1010522
1010620
1010666
1010669
1010670
1010685
1010709
1010738
1010769
1010809
1010810
1010811
1010854
1010859
1010861
1010935
1010940
1010998
1011013
1011035
1011067
1011080
1011085
1011096
1011163
1011191
1011205
1011278
1011324
1011331
1011333
1011423
1011448
1011498
1011547
1011722
1011739
1011746
1011765
1011990
1011996
1012133
1012174
1012252
1012266
1012303
1012339
1012439
1012492
1012552
1012594
1012599
1012602
1012606
1012646
1012657
1012964
1012972
1013004
1013080
1013126
1013128
1013162
1013166
1013196
1013222
1013238
1013316
1013564
1013575
1013593
1013612
1013638
1013646
1013752
1013792
1013796
1013841
1013873
1013878
1013998
1014033
1014056
1014084
1014303
1014397
1014399
1014400
1014401
1014473
1014531
1014644
1014747
1014782
1014823
1014824
1014830
1014839
1014853
1014862
1015062
1015130
1015219
1015225
1015266
1015267
1015292
1015305
1015315
1015349
1015456
1015498
1015550
1015560
1015670
1015684
1015759
1015816
1015820
1015891
1015892
1015951
1016010
1016030
1016033
1016171
1016325
1016365
1016375
1016384
1016524
1016525
1016531
1016532
1016534
1016542
1016546
1016548
1016552
1016554
1016842
1016928
1016933
1016940
1016988
1016997
1017034
1017066
1017120
1017138
1017447
1017458
1017489
1017545
1017559
1017655
1017746
1017777
1017792
1017812
1017819
1017823
1017891
1017892
1017943
1018039
1018068
1018082
1018113
1018197
1018225
1018226
1018228
1018237
1018632
1018681
1018685
1018822
1018880
1018941
1018993
1019004
1019007
1019156
1019164
1019171
1019172
1019292
1019450
1019797
1019829
1019853
1019860
1019863
1019910
1019919
1020001
1020121
1020266
1020342
1020388
1020407
1020495
1020514
1020628
1020667
1020668
1020676
1020715
1020897
1020972
1020981
1021004
1021005
1021007
1021075
1021076
1021099
1021106
1021259
1021287
1021358
1021416
1021610
1021649
1021809
1021870
1021872
1021931
1022037
1022064
1022106
1022133
1022169
1022176
1022204
1022207
1022255
1022289
1022332
1022537
1022539
1022579
1022582
1022591
1022625
1022654
1022655
1022703
1022711
1022712
1022792
1022818
1023014
1023066
1023352
1023378
1023401
1023410
1023470
1023551
1023669
1023706
1023728
1023742
1023813
1023819
1023868
1023896
1023897
1023904
1023977
1024104
1024114
1024146
1024147
1024173
1024186
1024192
1024194
1024273
1024296
1024359
1024362
1024367
1024381
1024390
1024426
1024428
1024436
1024596
1024763
1024822
1024865
1024904
1024977
1025020
1025678
1025875
1025892
1025942
1025951
1026048
1026081
1026094
1026113
1026126
1026140
1026152
1026204
1026221
1026240
1026257
1026356
1026368
1026394
1026443
1026445
1026446
1026492
1026576
1026578
1026631
1026698
1026733
1026974
1026977
1027077
1027136
1027165
1027183
1027184
1027209
1027219
1027284
1027373
1027394
1027444
1027512
1027531
1027532
1027541
1027544
1027572
1027585
1027791
1027823
1027845
1027864
1027873
1027883
1028009
1028288
1028298
1028378
1028421
1028571
1028578
1028590
1028591
1028598
1028633
1028635
1028636
1028758
1028764
1028767
1028932
1028993
1029043
1029077
1029121
1029122
1029160
1029184
1029203
1029204
1029263
1029367
1029368
1029369
1029474
1029563
1029778
1029818
1029824
1029825
1029872
1029873
1029918
1029919
1030025
1030059
1030218
1030236
1030237
1030238
1030392
1030413
1030474
1030622
1030653
1030737
1030768
1030846
1030923
1030970
1031005
1031030
1031174
1031212
1031343
1031529
1031530
1031578
1031592
1031650
1031709
1031785
1031818
1031952
1032091
1032123
1032165
1032175
1032210
1032731
1032879
1033021
1033067
1033240
1033241
1033242
1033256
1033268
1033382
1033400
1033481
1033523
1033708
1033755
1033785
1033995
1034007
1034010
1034011
1034013
1034014
1034114
1034137
1034203
1034390
1034391
1034480
1034483
1034705
1034720
1034723
1034825
1034827
1034878
1034950
1034954
1034955
1034981
1035053
1035152
1035184
1035213
1035248
1035328
1035329
1035330
1035419
1035420
1035423
1035427
1035432
1035446
1035851
1035884
1035935
1036239
1036329
1036349
1036376
1036409
1036577
1036601
1036768
1036826
1036848
1037019
1037045
1037084
1037164
1037321
1037624
1037721
1037973
1038113
1038377
1038466
1038530
1038561
1038813
1038876
1038996
1039089
1039116
1039155
1039413
1039501
1039705
1039732
1039928
1040219
1040372
1040387
1040472
1040607
1040630
1040701
1040780
1040781
1040945
1040961
1041024
1041027
1041134
1041144
1041533
1041653
1041665
1041685
1041719
1041871
1041918
1042175
1042340
1042681
1042693
1042787
1042877
1042887
1043046
1043123
1043409
294369
297560
297641
297855
300304
300485
300664
302108
302191
302290
302494
302517
302752
303017
303019
303221
303415
303677
303943
304045
304355
304392
304544
304787
304956
305020
305129
305159
305248
305274
305275
305534
305546
305585
305829
305864
305987
306447
306847
307058
307070
307147
307481
307639
307640
307810
307863
308332
308445
308456
308498
308695
308897
309242
309286
309329
309487
309511
311191
311359
311625
311747
311871
311875
311877
311882
311899
311903
311916
311921
311929
311937
311939
311945
311958
311981
312035
312038
312068
312142
312209
312251
312322
312389
312397
312409
312463
312468
312520
312526
312643
312648
312757
312796
313059
313079
313122
313149
313335
313431
313602
313618
313631
313639
313642
313660
313755
313796
313824
313906
313922
313986
314023
314139
314388
314390
314483
314561
314666
314682
314689
314774
314875
314876
314934
315149
315176
315371
315531
315586
315619
315707
315770
315843
315944
316030
316054
316136
316215
316220
316235
316473
316840
316858
316992
317086
317145
317153
317531
317556
317590
317719
317727
317866
317890
317961
318137
318506
318552
318701
319174
319177
319197
319206
319212
319594
319602
319621
319657
319690
319704
319754
319772
319807
320082
320122
320294
320329
320744
320793
321295
321552
321598
321888
321922
322389
323054
323562
325271
331512
336744
361850
361968
362017
362733
363785
363848
364436
364876
365174
365179
365252
365385
574534
574603
574791
575094
575096
575101
575111
575114
575124
575142
575444
575533
575534
579942
580517
580586
580687
580707
580823
580846
580935
581019
581356
581493
581570
581616
581617
581747
581749
581751
581752
581756
581757
582073
582074
582076
582077
582080
582190
582240
582300
582301
582362
582366
582371
582379
582380
582707
582806
583033
583034
583098
583149
583153
583159
583165
583172
583181
583496
583813
583815
583817
583834
583849
583853
583858
583887
584383
584385
584517
584684
584695
584881
585058
585099
585103
585175
585524
585572
585576
585578
585581
585787
585788
586065
586130
587034
588208
588567
588698
588817
589869
589899
597198
597460
597595
597890
597891
598766
600536
600537
601126
601278
601740
601741
602803
602806
602809
602812
603109
603113
603150
603188
603191
603195
603200
603201
603202
603204
603208
603217
603220
603227
603230
603658
603771
603772
603937
603985
604080
604209
604251
604401
604469
604470
604521
604544
604656
604657
604852
604867
604891
605210
605249
605289
605352
605364
605375
605499
605866
606792
606822
607280
607691
611297
611368
611370
611407
611419
611424
611455
612513
612516
613027
613030
613058
613086
613094
613095
613097
613102
613119
613120
613134
613220
613269
616388
616443
616445
616447
616848
617030
617571
617959
618016
618540
618830
618841
619640
619788
621956
621997
621999
622318
623822
623824
623883
624032
624036
624229
624230
624349
624376
624377
624456
624460
624620
624661
624861
624863
624867
625434
625478
625673
625797
625876
625895
626021
626025
626260
626545
626932
628434
628757
628758
628759
629298
630184
632879
633684
634877
635279
635281
635282
635286
637679
637708
637709
637796
638051
638137
638141
638268
638985
639945
643858
643903
644174
644177
644246
644256
644274
644276
645113
646025
646026
646027
646029
646033
646035
646273
646583
647997
647999
648001
648115
648264
648373
648391
648532
648565
648573
648579
648869
648948
649019
649241
650273
653351
653353
653565
653857
653863
653867
653870
653895
654462
654463
657326
657327
657392
657401
657403
657405
657603
657992
658077
658106
658376
658377
659200
659201
659220
661703
661704
661706
661709
661714
661718
661729
661735
661741
661742
661747
661754
663996
664955
664958
664959
664962
664965
664966
664967
665638
665715
665771
665781
665793
665860
665869
665892
667692
668175
670148
670150
670154
670496
670687
671220
671221
672714
673339
673764
674145
674210
674212
674213
674214
674216
674449
676094
676127
676128
678194
680369
680399
680500
680501
680644
680776
680816
680818
680993
681128
681302
681314
681365
682142
683685
684572
684574
685452
685604
686138
686180
686683
687671
687672
687821
687829
688323
688423
688748
689994
690003
690104
690135
690205
690235
690731
690758
690826
690827
690828
691121
691277
691749
693404
693406
693554
693727
695193
695227
695283
695412
695538
695540
695542
695543
695544
695711
696160
696163
696404
696445
696533
696565
696690
699649
699856
699885
700360
700443
700444
700445
700449
700518
701790
701792
702079
705815
707131
707164
707297
707333
707450
707832
709193
710880
711148
711197
711321
711411
711615
712773
712795
712811
713722
713723
713980
714211
714216
715172
715567
715641
715677
715699
715705
716203
716269
716358
716403
717351
717492
717931
718461
718466
718543
718545
718587
718967
720110
720117
720151
721336
721839
721842
721978
721981
722036
722111
722508
723687
723801
725801
726016
726027
726404
726547
726827
726828
726909
727790
727792
728267
729020
729211
729245
729272
730958
730961
731090
731120
731121
731302
731322
731515
732092
732110
732132
734318
734434
734533
734628
736318
736319
736321
736323
736813
736823
736848
736928
737073
737108
737816
737818
738094
738155
738647
739159
739165
739206
739220
739261
739664
739671
739672
741240
741434
741552
741693
741837
741845
741926
741984
743541
743841
744619
744755
744772
746032
746245
746274
746344
746783
747124
750052
750313
750314
750627
750748
751678
751685
751686
751943
751949
751963
751967
752084
752182
752452
752485
753450
753457
753460
754064
754089
754338
754347
754375
754763
754764
754827
755057
755060
755901
755902
755938
756018
756023
756613
756615
756630
756823
757680
757881
757969
758359
759160
759161
759179
759195
759359
759410
759789
759841
760283
760657
760659
760687
760754
761180
761490
761759
761760
761761
762296
763741
764031
764033
764034
764224
764232
764292
764900
765234
765239
765244
765254
765534
765536
765651
765659
765678
767020
767022
767742
767743
767751
767752
767993
768015
768473
768831
768836
768989
769905
770274
770318
770334
770335
770540
770555
771387
771548
771553
771582
771589
771594
771599
771644
771983
772831
773729
773846
773856
773859
773891
773899
773923
774218
774227
774264
774944
774956
774966
774967
774968
775626
775719
775863
775866
775868
775922
776388
776684
777040
777072
777145
777148
777210
777213
777672
777685
777835
777836
777867
777999
778328
778400
778407
778445
778757
778758
779065
779334
779340
779891
779893
779908
779940
779952
779958
780539
780541
780543
780592
780593
780784
781241
781307
781326
781343
781790
782046
782047
782401
782411
782412
782425
782442
783042
783462
784167
784482
784592
784728
784791
785287
785292
785425
785427
785589
785598
785613
785623
785643
785713
786549
786604
786615
786646
786649
786652
786678
786687
787363
787486
787488
787531
787995
788053
788132
788186
788206
788212
788216
788217
788222
788224
788236
788432
788445
788978
788981
788984
788994
789016
789269
789289
789662
789835
790078
790164
790742
790747
790760
790778
790784
790791
790843
790851
791408
791418
791420
791449
791497
791525
791526
791530
791836
791878
792123
792130
792571
792573
793504
793628
793798
793841
793864
794006
794087
795013
795105
795107
795141
795174
795176
795713
795790
795815
795825
795833
796077
796282
796371
796375
796383
796399
796400
796431
796443
797541
797542
797543
797545
797687
797785
797804
797805
797824
797831
797843
797845
797846
798152
798153
798313
798408
798437
798450
798465
798987
799104
799111
799148
799589
799663
799722
799730
799734
800381
800386
800391
800416
801292
801409
801437
801446
801469
801701
801723
801724
801731
801813
801835
801846
802033
802373
802504
802515
802526
802529
802530
802533
802759
802773
802776
803100
803101
803104
803105
803111
803259
803326
803328
803331
803422
803428
803433
803783
803815
803817
803824
803825
803829
803834
803859
803866
803879
803881
803889
803956
803958
803959
804090
804421
804443
804461
804464
804467
804468
804991
805031
805059
805081
805098
805191
805204
805205
805211
805248
805662
805663
805666
805709
805750
805801
805887
805891
806217
806219
806257
806280
806668
806669
806676
806774
806816
806890
806902
806997
807086
807109
807114
807135
807142
807147
807167
807171
807186
807187
807193
807197
807200
807201
807229
807238
807267
807274
807275
807286
807290
807312
807313
807332
807335
807337
807354
807355
807356
807359
807382
807387
807392
807403
807409
807433
807450
807487
807503
807510
807513
807543
807553
807554
807561
807575
807584
807591
807592
807604
807621
807659
807675
807685
807686
807700
807709
807710
807728
807749
807751
807754
807769
807772
807777
807786
807795
807796
807800
807804
807817
807822
807824
807828
807832
807835
807846
807847
807875
807883
807901
807911
807932
807934
807960
807970
807977
807978
807982
807997
807998
808001
808022
808025
808034
808041
808042
808044
808045
808062
808063
808068
808094
808110
808112
808121
808124
808132
808136
808139
808156
808174
808175
808194
808200
808210
808220
808221
808225
808228
808257
808266
808274
808299
808307
808310
808322
808331
808338
808339
808344
808347
808352
808355
808362
808368
808379
808380
808381
808397
808404
808418
808448
808484
808488
808503
808508
808512
808514
808519
808529
808531
808534
808536
808538
808551
808556
808561
808567
808568
808569
808572
808573
808596
808603
808606
808609
808620
808631
808640
808646
808649
808653
808659
808660
808680
808687
808689
808694
808696
808697
808699
808709
808712
808715
808743
808767
808773
808776
808784
808785
808791
808792
808805
808808
808813
808819
808822
808830
808885
808887
808890
808895
808919
808925
808950
808953
808957
808964
808981
808985
809001
809007
809008
809031
809039
809042
809046
809048
809055
809058
809066
809083
809087
809088
809095
809096
809099
809120
809122
809124
809128
809150
809157
809165
809166
809177
809182
809188
809210
809211
809212
809213
809215
809216
809218
809228
809236
809240
809241
809245
809247
809259
809264
809268
809280
809297
809303
809319
809329
809331
809339
809341
809345
809354
809357
809360
809364
809366
809378
809382
809386
809392
809416
809427
809441
809470
809487
809492
809496
809507
809510
809513
809526
809528
809535
809552
809554
809577
809589
809597
809600
809603
809609
809620
809634
809637
809660
809665
809670
809679
809680
809683
809685
809692
809700
809708
809730
809736
809738
809748
809768
809771
809774
809781
809811
809812
809825
809843
809856
809867
809903
809906
809911
809915
809916
809923
809925
809926
809941
809947
809958
809966
809967
809978
809981
809983
810000
810009
810019
810025
810034
810047
810068
810069
810070
810075
810080
810114
810136
810138
810139
810140
810142
810148
810160
810171
810173
810186
810194
810196
810205
810213
810214
810215
810220
810228
810233
810242
810260
810261
810269
810294
810295
810296
810302
810303
810305
810315
810321
810322
810334
810339
810351
810352
810353
810359
810362
810371
810389
810396
810400
810401
810408
810409
810447
810453
810472
810473
810482
810486
810494
810502
810509
810525
810561
810562
810571
810603
810611
810618
810628
810642
810647
810652
810654
810661
810668
810669
810677
810684
810694
810699
810706
810720
810727
810735
810742
810747
810772
810775
810777
810806
810817
810819
810820
810827
810836
810851
810871
810891
810905
810907
810910
810920
810944
810951
810978
810987
810988
811006
811017
811020
811043
811060
811061
811072
811074
811076
811077
811079
811082
811087
811096
811129
811130
811140
811145
811149
811159
811163
811164
811168
811174
811197
811206
811209
811233
811238
811239
811246
811251
811275
811282
811291
811293
811299
811315
811326
811327
811334
811335
811340
811341
811351
811357
811376
811385
811390
811391
811402
811429
811431
811443
811466
811481
811486
811505
811507
811508
811514
811515
811517
811545
811546
811560
811567
811585
811596
811601
811627
811631
811649
811679
811719
811729
811739
811749
811762
811764
811772
811773
811774
811778
811794
811822
811872
811884
811911
811921
811932
811945
811967
811998
812000
812009
812012
812035
812036
812038
812042
812062
812065
812107
812131
812154
812155
812165
812175
812186
812193
812205
812222
812224
812231
812251
812270
812271
812327
812328
812370
812371
812372
812376
812395
812396
812403
812408
812409
812417
812448
812485
812486
812489
812491
812500
812518
812536
812548
812549
812555
812568
812569
812576
812591
812643
812667
812673
812701
812712
812713
812719
812734
812736
812747
812749
812757
812771
812779
812808
812848
812855
812877
812885
812888
812902
812906
812918
812919
812939
812949
812953
812981
812994
813008
813031
813083
813110
813113
813116
813124
813138
813140
813149
813151
813167
813196
813201
813202
813209
813221
813223
813236
813253
813263
813265
813278
813288
813289
813314
813352
813369
813380
813392
813396
813408
813411
813421
813428
813429
813430
813439
813451
813490
813505
813561
813562
813565
813574
813613
813626
813634
813647
813649
813665
813682
813686
813688
813704
813722
813726
813774
813776
813777
813799
813809
813822
813864
813867
813868
813876
813911
813913
813929
813940
814003
814012
814046
814067
814069
814073
814092
814110
814131
814196
814233
814265
814266
814280
814288
814307
814308
814325
814346
814365
814366
814368
814403
814424
814425
814446
814447
814463
814485
814514
814516
814537
814541
814554
814556
814561
814572
814630
814632
814655
814657
814662
814678
814710
814775
814804
814814
814838
814842
814844
814888
814905
814935
814946
814971
814980
814981
815002
815037
815099
815128
815153
815171
815194
815243
815244
815256
815321
815322
815323
815353
815355
815378
815385
815389
815419
815443
815488
815489
815505
815510
815598
815603
815628
815684
815687
815713
815715
815717
815781
815820
815843
815874
815877
815884
815907
815915
815920
815946
815949
815971
815973
816042
816083
816161
816164
816167
816211
816247
816296
816297
816298
816330
816379
816386
816425
816474
816520
816558
816566
816605
816644
816649
816694
816756
816796
816835
816841
816922
816929
816934
816968
816974
817015
817024
817147
817164
817207
817210
817251
817256
817295
817418
817472
817476
817479
817535
817590
817596
817625
817681
817697
817705
817862
817914
817915
818003
818064
818140
818147
818343
818420
818556
818622
818633
818704
818716
818808
818867
818954
818963
819113
819200
819315
819517
819593
819600
819700
819864
820111
820122
820324
820352
820477
820589
820597
820733
820761
820959
821117
821542
821570
821730
821732
821876
821885
821893
821922
821991
822088
822781
823197
823216
823508
824227
824771
825979
829251
891500
891522
891736
891931
892320
894879
929194
929402
929409
929417
929418
929512
930525
930577
930731
930734
930746
930751
930752
930753
930774
930775
930785
931006
931086
931092
931107
931117
931127
931241
931243
931262
931265
931267
931295
931297
931413
931475
931477
931480
931481
931756
931767
931774
931783
931796
931813
931901
931904
932076
932177
932189
932191
932206
932210
932251
932255
932595
932603
932640
933056
933057
933069
933072
933082
933091
933093
933408
933517
933526
933731
934083
934127
934139
935018
935082
935088
935092
935111
935133
935139
935165
935259
935266
935268
935607
935802
935856
935864
935871
935880
936363
936466
936475
936481
936490
936493
936496
936660
936666
936978
937258
937268
937285
937299
937589
937595
937603
937606
937629
937631
937635
937651
937968
938020
938051
938054
938058
938062
938091
938095
938166
938501
938503
938727
938875
938877
938885
938886
938893
939182
939343
939351
939356
939369
939374
939392
939393
939397
939398
939576
939582
939589
939599
939611
939614
939620
939623
939629
940019
940329
940334
940357
940393
940399
940433
940440
940444
940466
940515
940520
941090
941119
941123
941129
941134
941158
941181
941183
941452
941480
941482
941490
941665
942083
942170
942171
942173
942193
942227
942237
942238
942414
942442
942443
942480
942496
942903
942907
942926
942957
943340
943485
943490
943492
943530
943534
943563
943568
944271
944457
944479
944493
944494
944498
944632
944641
944642
944653
944664
944833
944901
945273
945360
945524
945526
945536
945545
945547
945549
945557
945694
945701
945915
945997
946000
946029
946164
946165
946169
946251
946253
946254
946257
946266
946269
946272
946295
946299
946301
946526
946601
946610
946611
946624
946629
946649
946650
946651
946652
946894
946914
947117
947257
947328
947343
947351
947362
947375
947378
947382
947542
947580
947626
947722
947741
947744
947745
947748
948603
948687
948724
948725
948749
948751
948784
948848
948862
949131
949173
949192
949211
949237
949263
949404
949468
949537
949540
949542
949544
949547
949551
949574
949801
949879
949893
949908
949915
950076
950082
950096
950164
950401
950403
950409
950650
950651
950666
950668
950673
950693
950752
950760
951255
951469
951472
951478
951484
951499
951501
951603
951604
951881
951886
951896
951905
951914
951958
951961
951962
951967
951980
952232
952655
952660
952688
952872
952873
952890
952892
952895
953099
953102
953114
953115
953128
953131
953133
953134
953164
953178
953181
953227
953420
953432
953434
953449
953474
953516
953520
953532
953536
953680
953792
953830
953872
953980
954021
954050
954060
954250
954253
954255
954268
954344
954346
954355
954359
954360
954377
954395
954435
954438
954640
955517
955520
955522
955525
955555
955556
955562
955817
955818
955958
956175
956180
956371
956407
956421
956427
956428
956431
956463
956466
956467
956499
956500
956700
956705
956716
956719
956829
956843
956874
957356
957359
957991
958001
958004
958009
958011
958013
958028
958225
958226
958232
958234
958333
958379
958380
958381
958450
958455
958625
958632
958651
958680
958819
958924
958934
958949
959046
959289
959383
959384
959555
959563
959775
959821
959823
959852
959863
959869
959871
959876
959905
960052
960056
960071
960461
960468
960710
960747
960749
960761
960771
960843
960848
960936
960961
961042
961182
961238
961242
961245
961254
961258
961261
961377
961380
961390
961391
961392
961496
961520
961765
961788
961792
961796
961798
961820
962105
962178
962192
962510
962516
962843
962868
962902
962916
963061
963081
963233
963269
963301
963319
963333
963566
963608
963643
963657
963658
963728
963934
963935
963981
964000
964040
964166
964176
964198
964200
964202
964207
964213
964235
964443
964455
964465
964477
964490
964510
964517
964636
964638
964775
964786
964797
964816
964875
964952
964958
964960
964963
964978
964982
964984
964996
965047
965341
965343
965347
965349
965361
965544
965555
965584
965752
965757
965768
965955
965978
965999
966096
966101
966149
966170
966178
966419
966426
966434
966475
966674
966678
966681
966812
966830
966838
966845
966850
966957
966961
966965
966994
966996
967116
967123
967129
967134
967136
967181
967236
967242
967387
968429
968440
968444
968661
968853
968877
968886
968904
968968
969007
969077
969110
969119
969146
969160
969307
969337
969340
969392
969419
969425
969442
969446
969520
969563
969569
969570
969727
969802
969814
969817
969822
970256
970257
970264
970292
970298
970325
970541
970574
970584
970594
970596
970613
970649
970750
970758
971007
971019
971021
971022
971026
971135
971136
971146
971150
971152
971154
971159
971163
971228
971299
971307
971360
971364
971372
971378
971514
971519
971522
971542
971672
971680
971682
971694
971821
971853
971854
971996
972012
972069
972101
972146
972167
972379
972421
972423
972425
972462
972468
972553
972557
972732
972837
972855
972866
972869
972885
972961
973039
973054
973100
973102
973103
973174
973223
973709
973718
973730
973742
973747
973877
973881
973945
973985
973992
973993
973994
974068
974236
974264
974265
974349
974363
974364
974373
974538
974626
974667
974678
974731
974762
974763
974764
974824
974884
974977
974980
974981
974996
975094
975100
975108
975116
975119
975272
975321
975367
975374
975472
975476
975528
975532
975535
975594
975637
975647
975655
975660
975686
975711
975806
975921
975923
975924
975930
975932
975945
976042
976045
976185
976262
976272
976369
976411
976415
976418
976433
976663
976666
976667
976669
976682
976834
976868
976898
976952
977025
977334
977338
977469
977543
977549
977554
977557
977684
977827
977898
978035
978045
978047
978125
978180
978204
978313
978394
978397
978403
978499
978528
978534
978535
978541
978550
978556
978557
978563
978577
978580
978595
978720
982723
982731
982732
982747
982811
982870
982877
982924
982925
983021
983032
983180
983294
983297
983313
983445
983455
983482
983664
983678
983722
983936
983946
984008
984048
984131
984207
984265
984272
984305
984348
984375
984507
984515
984585
984587
984671
984693
984786
984788
984796
984832
984833
985009
985059
985096
985195
985197
985207
985210
985211
985216
985627
985669
985679
985784
985787
985797
986029
986109
986143
986150
986160
986167
986180
986205
986428
986440
986450
986561
986574
986594
986595
986672
986681
986712
986718
986722
986728
986729
986731
986740
986741
986742
986813
986850
986863
986864
986969
986977
986987
987196
987202
987204
987262
987297
987309
987316
987328
987336
987337
987380
987688
987714
987799
987896
987897
987898
987902
987903
987907
987910
987913
987982
988081
988084
988093
988163
988171
988176
988232
988239
988274
988288
988292
988298
988337
988412
988496
988505
988628
988641
988647
988648
988651
988666
988776
988946
989009
989066
989180
989497
989550
989563
989629
989643
989647
989692
989745
989775
989777
989789
989791
989880
989891
989912
989939
989947
989950
990017
990035
990059
990063
990084
990102
990176
990190
990193
990249
990290
990307
990556
990576
990595
990665
990679
990737
990738
990757
990796
990835
990938
990940
990941
990964
990967
990982
991045
991203
991253
991300
991367
991371
991482
991604
991729
991739
991741
991742
991894
992129
992133
992166
992178
992271
992309
992316
992319
992422
992575
992588
992613
992632
992633
992667
992782
992783
992808
992810
992908
992940
992941
992949
992957
992961
993025
993066
993071
993076
993165
993181
993233
993306
993324
993333
993334
993385
993391
993459
993462
993500
993606
993701
993705
993792
993888
993892
993967
994000
994003
994073
994089
994123
994279
994382
994407
994448
994468
994486
994520
994815
994819
994822
994861
994864
994979
995055
995060
995232
995247
995251
995291
995333
995385
995485
995492
995532
995533
995534
995561
995698
995719
995750
995753
995755
995884
995886
996032
996035
996042
996045
996090
996239
996294
996299
996377
996427
996515
996532
996579
996808
996810
996867
996940
996941
996968
997033
997035
997075
997117
997157
997170
997217
997277
997282
997288
997417
997429
997578
997580
997625
997769
997818
997887
997924
997982
997990
998019
998082
998698
998785
998787
998799
998900
998919
999112
999143
999204
999238
999245
999270
999432
999519
999520
999546
999626
999655
999710
999718
999719
999730
999882